Courier,Routing Plan
Courier 0,"[5, 10, -5, -10, 0, 0, 0, 0, 0, 0, 0, 0, 0, 0, 0, 0, 0, 0, 0, 0, 0, 0, 0, 0, 0, 0, 0, 0, 0, 0, 0, 0]"
Courier 1,"[2, -2, 1, 15, 4, -1, -15, -4, 0, 0, 0, 0, 0, 0, 0, 0, 0, 0, 0, 0, 0, 0, 0, 0, 0, 0, 0, 0, 0, 0, 0, 0]"
Courier 2,"[7, 14, -7, 8, -14, -8, 0, 0, 0, 0, 0, 0, 0, 0, 0, 0, 0, 0, 0, 0, 0, 0, 0, 0, 0, 0, 0, 0, 0, 0, 0, 0]"
Courier 3,"[16, -16, 11, -11, 0, 0, 0, 0, 0, 0, 0, 0, 0, 0, 0, 0, 0, 0, 0, 0, 0, 0, 0, 0, 0, 0, 0, 0, 0, 0, 0, 0]"
Courier 4,"[3, 12, -3, -12, 0, 0, 0, 0, 0, 0, 0, 0, 0, 0, 0, 0, 0, 0, 0, 0, 0, 0, 0, 0, 0, 0, 0, 0, 0, 0, 0, 0]"
Courier 5,"[6, 13, -6, -13, 9, -9, 0, 0, 0, 0, 0, 0, 0, 0, 0, 0, 0, 0, 0, 0, 0, 0, 0, 0, 0, 0, 0, 0, 0, 0, 0, 0]"

Delivery,Assigned Courier,Delivery Time
0,2,20.0
1,2,12.0
2,5,20.0
3,2,24.0
4,1,30.0
5,6,16.0
6,3,18.0
7,3,32.0
8,6,35.0
9,1,32.0
10,4,30.0
11,5,26.0
12,6,18.0
13,3,29.0
14,2,20.0
15,4,16.0

Courier,Number of Deliveries
Courier 0,2
Courier 1,4
Courier 2,3
Courier 3,2
Courier 4,2
Courier 5,3
