Courier,Routing Plan
Courier 0,"[4, -4, 3, 12, -3, -12, 0, 0, 0, 0, 0, 0, 0, 0, 0, 0, 0, 0, 0, 0, 0, 0, 0, 0, 0, 0, 0, 0]"
Courier 1,"[2, 14, 1, 8, -2, -14, -1, -8, 0, 0, 0, 0, 0, 0, 0, 0, 0, 0, 0, 0, 0, 0, 0, 0, 0, 0, 0, 0]"
Courier 2,"[6, 10, -6, -10, 0, 0, 0, 0, 0, 0, 0, 0, 0, 0, 0, 0, 0, 0, 0, 0, 0, 0, 0, 0, 0, 0, 0, 0]"
Courier 3,"[11, 5, -11, -5, 0, 0, 0, 0, 0, 0, 0, 0, 0, 0, 0, 0, 0, 0, 0, 0, 0, 0, 0, 0, 0, 0, 0, 0]"
Courier 4,"[7, 13, 9, -7, -13, -9, 0, 0, 0, 0, 0, 0, 0, 0, 0, 0, 0, 0, 0, 0, 0, 0, 0, 0, 0, 0, 0, 0]"

Delivery,Assigned Courier,Delivery Time
0,2,34.0
1,2,12.0
2,1,34.0
3,1,14.0
4,4,27.0
5,3,23.0
6,5,12.0
7,2,52.0
8,5,31.0
9,3,45.0
10,4,23.0
11,1,41.0
12,5,25.0
13,2,22.0

Courier,Number of Deliveries
Courier 0,3
Courier 1,4
Courier 2,2
Courier 3,2
Courier 4,3
